      Chongqing	          China	2023	 18.0	2024	 18.3	2025	 18.5	2026	 18.8	2027	 19.1	
       Shanghai	          China	2023	 17.0	2024	 16.4	2025	 15.8	2026	 15.2	2027	 14.5	
          Delhi	          India	2023	 28.0	2024	 28.6	2025	 29.3	2026	 29.9	2027	 30.5	
        Beijing	          China	2023	 24.0	2024	 23.8	2025	 23.7	2026	 23.5	2027	 23.3	
         Mumbai	          India	2023	 29.0	2024	 28.8	2025	 28.6	2026	 28.4	2027	 28.2	
          Lagos	        Nigeria	2023	 25.0	2024	 25.8	2025	 26.5	2026	 27.3	2027	 28.1	
        Karachi	       Pakistan	2023	 29.0	2024	 28.3	2025	 27.5	2026	 26.8	2027	 26.1	
      Guangzhou	          China	2023	 17.0	2024	 17.0	2025	 17.0	2026	 17.0	2027	 17.0	
       Istanbul	         Turkey	2023	  8.0	2024	  7.8	2025	  7.6	2026	  7.4	2027	  7.2	
          Tokyo	          Japan	2023	  8.0	2024	  7.2	2025	  6.4	2026	  5.6	2027	  4.8	
        Tianjin	          China	2023	  6.0	2024	  7.0	2025	  8.0	2026	  8.9	2027	  9.9	
         Moscow	         Russia	2023	 17.0	2024	 16.6	2025	 16.2	2026	 15.7	2027	 15.3	
          Dhaka	     Bangladesh	2023	  7.0	2024	  7.3	2025	  7.5	2026	  7.8	2027	  8.1	
      São Paulo	         Brazil	2023	 27.0	2024	 27.2	2025	 27.5	2026	 27.7	2027	 27.9	
         Lahore	       Pakistan	2023	 13.0	2024	 13.7	2025	 14.4	2026	 15.0	2027	 15.7	
          Cairo	          Egypt	2023	 22.0	2024	 22.0	2025	 22.0	2026	 22.0	2027	 22.0	
          Seoul	   Korea, South	2023	  4.0	2024	  3.2	2025	  2.5	2026	  1.7	2027	  1.0	
       Kinshasa	       DR Congo	2023	  5.0	2024	  5.4	2025	  5.9	2026	  6.3	2027	  6.7	
        Jakarta	      Indonesia	2023	 15.0	2024	 14.9	2025	 14.7	2026	 14.6	2027	 14.4	
        Wenzhou	          China	2023	 26.0	2024	 26.2	2025	 26.4	2026	 26.5	2027	 26.7	
    Mexico City	         Mexico	2023	 12.0	2024	 11.6	2025	 11.2	2026	 10.7	2027	 10.3	
           Lima	           Peru	2023	 12.0	2024	 12.4	2025	 12.8	2026	 13.2	2027	 13.6	
         London	 United Kingdom	2023	 24.0	2024	 23.7	2025	 23.3	2026	 23.0	2027	 22.7	
          Xi'an	          China	2023	 20.0	2024	 19.4	2025	 18.7	2026	 18.1	2027	 17.5	
      Hyderabad	          India	2023	  6.0	2024	  6.9	2025	  7.8	2026	  8.7	2027	  9.5	
        Chennai	          India	2023	 17.0	2024	 16.9	2025	 16.7	2026	 16.6	2027	 16.5	
  New York City	  United States	2023	 24.0	2024	 23.7	2025	 23.4	2026	 23.1	2027	 22.8	
      Bengaluru	          India	2023	  9.0	2024	  9.4	2025	  9.8	2026	 10.2	2027	 10.5	
       Shenzhen	          China	2023	 23.0	2024	 23.0	2025	 23.0	2026	 22.9	2027	 22.9	
        Bangkok	       Thailand	2023	 16.0	2024	 16.4	2025	 16.8	2026	 17.2	2027	 17.6	
         Suzhou	          China	2023	 12.0	2024	 12.8	2025	 13.5	2026	 14.3	2027	 15.0	
        Nanjing	          China	2023	 11.0	2024	 10.3	2025	  9.5	2026	  8.8	2027	  8.1	
       Dongguan	          China	2023	 30.0	2024	 29.9	2025	 29.9	2026	 29.8	2027	 29.8	
         Tehran	           Iran	2023	 19.0	2024	 18.1	2025	 17.3	2026	 16.4	2027	 15.6	
       Quanzhou	          China	2023	  6.0	2024	  5.3	2025	  4.6	2026	  4.0	2027	  3.3	
       Shenyang	          China	2023	 12.0	2024	 11.4	2025	 10.7	2026	 10.1	2027	  9.5	
         Bogotá	       Colombia	2023	 21.0	2024	 21.3	2025	 21.5	2026	 21.8	2027	 22.1	
Ho Chi Minh City	        Vietnam	2023	 19.0	2024	 19.7	2025	 20.5	2026	 21.2	2027	 22.0	
      Hong Kong	          China	2023	 17.0	2024	 17.1	2025	 17.3	2026	 17.4	2027	 17.6	
        Baghdad	           Iraq	2023	 29.0	2024	 28.3	2025	 27.5	2026	 26.8	2027	 26.1	
         Fuzhou	          China	2023	 18.0	2024	 17.2	2025	 16.4	2026	 15.6	2027	 14.8	
       Changsha	          China	2023	 10.0	2024	 11.0	2025	 11.9	2026	 12.9	2027	 13.9	
          Wuhan	          China	2023	 19.0	2024	 18.4	2025	 17.8	2026	 17.3	2027	 16.7	
          Hanoi	        Vietnam	2023	  6.0	2024	  5.1	2025	  4.2	2026	  3.3	2027	  2.4	
 Rio de Janeiro	         Brazil	2023	 18.0	2024	 17.3	2025	 16.6	2026	 15.9	2027	 15.2	
        Qingdao	          China	2023	 16.0	2024	 15.5	2025	 15.0	2026	 14.5	2027	 14.0	
         Foshan	          China	2023	  5.0	2024	  4.1	2025	  3.2	2026	  2.2	2027	  1.3	
          Zunyi	          China	2023	 14.0	2024	 13.8	2025	 13.7	2026	 13.5	2027	 13.3	
       Santiago	          Chile	2023	 15.0	2024	 14.3	2025	 13.6	2026	 12.9	2027	 12.2	
         Riyadh	   Saudi Arabia	2023	  7.0	2024	  7.1	2025	  7.2	2026	  7.3	2027	  7.4	
      Ahmedabad	          India	2023	 30.0	2024	 29.8	2025	 29.6	2026	 29.4	2027	 29.2	
      Singapore	      Singapore	2023	 16.0	2024	 15.0	2025	 14.1	2026	 13.1	2027	 12.2	
        Shantou	          China	2023	 17.0	2024	 17.8	2025	 18.6	2026	 19.4	2027	 20.2	
         Ankara	         Turkey	2023	  4.0	2024	  4.7	2025	  5.5	2026	  6.2	2027	  7.0	
         Yangon	        Myanmar	2023	 28.0	2024	 28.3	2025	 28.6	2026	 29.0	2027	 29.3	
Saint Petersburg	         Russia	2023	 12.0	2024	 11.8	2025	 11.7	2026	 11.5	2027	 11.3	
     Casablanca	        Morocco	2023	 29.0	2024	 29.4	2025	 29.9	2026	 30.3	2027	 30.8	
        Abidjan	    Ivory Coast	2023	 12.0	2024	 11.6	2025	 11.1	2026	 10.7	2027	 10.3	
        Chengdu	          China	2023	 25.0	2024	 25.3	2025	 25.6	2026	 25.9	2027	 26.3	
      Melbourne	      Australia	2023	 11.0	2024	 10.9	2025	 10.8	2026	 10.8	2027	 10.7	
     Alexandria	          Egypt	2023	  6.0	2024	  5.7	2025	  5.5	2026	  5.2	2027	  5.0	
        Kolkata	          India	2023	 30.0	2024	 29.3	2025	 28.7	2026	 28.0	2027	 27.3	
          Surat	          India	2023	 21.0	2024	 21.6	2025	 22.3	2026	 22.9	2027	 23.5	
   Johannesburg	   South Africa	2023	  4.0	2024	  3.5	2025	  3.0	2026	  2.4	2027	  1.9	
  Dar es Salaam	       Tanzania	2023	  5.0	2024	  5.3	2025	  5.5	2026	  5.8	2027	  6.1	
   Shijiazhuang	          China	2023	  6.0	2024	  6.0	2025	  5.9	2026	  5.9	2027	  5.9	
         Harbin	          China	2023	  8.0	2024	  7.9	2025	  7.8	2026	  7.8	2027	  7.7	
           Giza	          Egypt	2023	 20.0	2024	 19.0	2025	 18.0	2026	 17.0	2027	 16.0	
          İzmir	         Turkey	2023	  5.0	2024	  4.9	2025	  4.7	2026	  4.6	2027	  4.4	
      Zhengzhou	          China	2023	 20.0	2024	 20.1	2025	 20.2	2026	 20.3	2027	 20.4	
New Taipei City	         Taiwan	2023	 23.0	2024	 23.2	2025	 23.5	2026	 23.7	2027	 24.0	
    Los Angeles	  United States	2023	 27.0	2024	 27.3	2025	 27.6	2026	 27.8	2027	 28.1	
      Changchun	          China	2023	  7.0	2024	  6.2	2025	  5.5	2026	  4.7	2027	  3.9	
      Cape Town	   South Africa	2023	 23.0	2024	 22.7	2025	 22.4	2026	 22.0	2027	 21.7	
       Yokohama	          Japan	2023	  9.0	2024	  8.4	2025	  7.8	2026	  7.2	2027	  6.7	
       Khartoum	          Sudan	2023	 19.0	2024	 19.0	2025	 18.9	2026	 18.9	2027	 18.8	
      Guayaquil	        Ecuador	2023	  8.0	2024	  8.5	2025	  9.0	2026	  9.5	2027	  9.9	
       Hangzhou	          China	2023	 21.0	2024	 21.5	2025	 21.9	2026	 22.4	2027	 22.8	
         Xiamen	          China	2023	 12.0	2024	 12.1	2025	 12.1	2026	 12.2	2027	 12.2	
         Berlin	        Germany	2023	 11.0	2024	 11.3	2025	 11.7	2026	 12.0	2027	 12.3	
          Busan	   Korea, South	2023	 28.0	2024	 28.2	2025	 28.5	2026	 28.7	2027	 28.9	
         Ningbo	          China	2023	 26.0	2024	 26.2	2025	 26.4	2026	 26.5	2027	 26.7	
         Jeddah	   Saudi Arabia	2023	  9.0	2024	  9.9	2025	 10.8	2026	 11.8	2027	 12.7	
         Durban	   South Africa	2023	 22.0	2024	 22.7	2025	 23.4	2026	 24.1	2027	 24.8	
        Algiers	        Algeria	2023	 28.0	2024	 28.4	2025	 28.8	2026	 29.2	2027	 29.7	
          Kabul	    Afghanistan	2023	  8.0	2024	  8.4	2025	  8.7	2026	  9.1	2027	  9.4	
          Hefei	          China	2023	  7.0	2024	  7.3	2025	  7.6	2026	  8.0	2027	  8.3	
        Mashhad	           Iran	2023	 13.0	2024	 13.5	2025	 13.9	2026	 14.4	2027	 14.9	
      Pyongyang	   Korea, North	2023	 13.0	2024	 12.8	2025	 12.5	2026	 12.3	2027	 12.1	
         Madrid	          Spain	2023	 25.0	2024	 24.5	2025	 23.9	2026	 23.4	2027	 22.8	
     Faisalabad	       Pakistan	2023	 12.0	2024	 12.7	2025	 13.4	2026	 14.1	2027	 14.8	
           Baku	     Azerbaijan	2023	 13.0	2024	 12.3	2025	 11.6	2026	 10.9	2027	 10.2	
       Tangshan	          China	2023	 12.0	2024	 11.0	2025	 10.1	2026	  9.1	2027	  8.2	
     Ekurhuleni	   South Africa	2023	 10.0	2024	  9.9	2025	  9.7	2026	  9.6	2027	  9.4	
        Nairobi	          Kenya	2023	 20.0	2024	 19.2	2025	 18.5	2026	 17.7	2027	 17.0	
      Zhongshan	          China	2023	 13.0	2024	 12.4	2025	 11.8	2026	 11.3	2027	 10.7	
           Pune	          India	2023	 12.0	2024	 12.3	2025	 12.6	2026	 13.0	2027	 13.3	
    Addis Ababa	       Ethiopia	2023	 20.0	2024	 20.5	2025	 21.0	2026	 21.5	2027	 22.0	
         Jaipur	          India	2023	 10.0	2024	 10.9	2025	 11.8	2026	 12.7	2027	 13.5	
   Buenos Aires	      Argentina	2023	 12.0	2024	 11.9	2025	 11.7	2026	 11.6	2027	 11.5	
        Incheon	   Korea, South	2023	 14.0	2024	 15.0	2025	 16.0	2026	 17.0	2027	 17.9	
    Quezon City	    Philippines	2023	 28.0	2024	 28.4	2025	 28.8	2026	 29.1	2027	 29.5	
           Kiev	        Ukraine	2023	 28.0	2024	 28.4	2025	 28.8	2026	 29.2	2027	 29.6	
       Salvador	         Brazil	2023	 11.0	2024	 10.2	2025	  9.4	2026	  8.6	2027	  7.8	
           Rome	          Italy	2023	 26.0	2024	 26.7	2025	 27.5	2026	 28.2	2027	 28.9	
          Dubai	United Arab Emirates	2023	  6.0	2024	  5.2	2025	  4.4	2026	  3.6	2027	  2.7	
         Luanda	         Angola	2023	 10.0	2024	  9.2	2025	  8.5	2026	  7.7	2027	  6.9	
        Lucknow	          India	2023	 14.0	2024	 14.6	2025	 15.2	2026	 15.9	2027	 16.5	
      Kaohsiung	         Taiwan	2023	  4.0	2024	  4.2	2025	  4.4	2026	  4.6	2027	  4.8	
         Kanpur	          India	2023	  8.0	2024	  8.0	2025	  7.9	2026	  7.9	2027	  7.9	
       Surabaya	      Indonesia	2023	 30.0	2024	 29.4	2025	 28.8	2026	 28.3	2027	 27.7	
       Taichung	         Taiwan	2023	 27.0	2024	 26.8	2025	 26.6	2026	 26.3	2027	 26.1	
          Basra	           Iraq	2023	 11.0	2024	 10.6	2025	 10.1	2026	  9.7	2027	  9.2	
        Toronto	         Canada	2023	 21.0	2024	 21.1	2025	 21.1	2026	 21.2	2027	 21.3	
         Taipei	         Taiwan	2023	  7.0	2024	  6.9	2025	  6.8	2026	  6.7	2027	  6.6	
        Chicago	  United States	2023	 27.0	2024	 26.7	2025	 26.3	2026	 26.0	2027	 25.6	
          Osaka	          Japan	2023	 17.0	2024	 17.3	2025	 17.5	2026	 17.8	2027	 18.0	
          Quito	        Ecuador	2023	 13.0	2024	 12.2	2025	 11.4	2026	 10.7	2027	  9.9	
       Chaozhou	          China	2023	  5.0	2024	  5.0	2025	  4.9	2026	  4.9	2027	  4.9	
      Fortaleza	         Brazil	2023	 10.0	2024	  9.3	2025	  8.7	2026	  8.0	2027	  7.3	
     Chittagong	     Bangladesh	2023	  7.0	2024	  7.2	2025	  7.4	2026	  7.7	2027	  7.9	
        Bandung	      Indonesia	2023	  7.0	2024	  6.3	2025	  5.5	2026	  4.8	2027	  4.0	
        Managua	      Nicaragua	2023	  9.0	2024	  8.6	2025	  8.3	2026	  7.9	2027	  7.5	
       Brasília	         Brazil	2023	 19.0	2024	 18.2	2025	 17.4	2026	 16.6	2027	 15.9	
 Belo Horizonte	         Brazil	2023	 19.0	2024	 19.5	2025	 20.1	2026	 20.6	2027	 21.2	
          Daegu	   Korea, South	2023	 21.0	2024	 21.1	2025	 21.3	2026	 21.4	2027	 21.5	
        Houston	  United States	2023	 20.0	2024	 21.0	2025	 22.0	2026	 23.0	2027	 24.0	
         Douala	       Cameroon	2023	 26.0	2024	 25.7	2025	 25.3	2026	 25.0	2027	 24.6	
       Medellin	       Colombia	2023	 25.0	2024	 24.5	2025	 24.0	2026	 23.4	2027	 22.9	
        Yaoundé	       Cameroon	2023	 18.0	2024	 17.6	2025	 17.2	2026	 16.8	2027	 16.5	
         Nagpur	          India	2023	  5.0	2024	  4.6	2025	  4.1	2026	  3.7	2027	  3.2	
           Cali	       Colombia	2023	 28.0	2024	 27.5	2025	 27.0	2026	 26.5	2027	 26.1	
       Tashkent	     Uzbekistan	2023	 22.0	2024	 21.7	2025	 21.4	2026	 21.1	2027	 20.7	
         Nagoya	          Japan	2023	 16.0	2024	 16.0	2025	 15.9	2026	 15.9	2027	 15.9	
        Isfahan	           Iran	2023	 19.0	2024	 18.1	2025	 17.2	2026	 16.3	2027	 15.3	
     Phnom Penh	       Cambodia	2023	 27.0	2024	 26.6	2025	 26.2	2026	 25.9	2027	 25.5	
          Paris	         France	2023	 17.0	2024	 16.6	2025	 16.1	2026	 15.7	2027	 15.2	
    Ouagadougou	   Burkina Faso	2023	 10.0	2024	 10.9	2025	 11.8	2026	 12.7	2027	 13.5	
        Lanzhou	          China	2023	 27.0	2024	 27.3	2025	 27.6	2026	 27.8	2027	 28.1	
           Kano	        Nigeria	2023	 25.0	2024	 25.5	2025	 25.9	2026	 26.4	2027	 26.9	
         Dalian	          China	2023	 15.0	2024	 14.8	2025	 14.5	2026	 14.3	2027	 14.0	
 Guatemala City	      Guatemala	2023	 22.0	2024	 21.8	2025	 21.6	2026	 21.5	2027	 21.3	
         Havana	           Cuba	2023	 22.0	2024	 22.5	2025	 23.0	2026	 23.5	2027	 24.0	
     Rawalpindi	       Pakistan	2023	 19.0	2024	 19.0	2025	 19.1	2026	 19.1	2027	 19.1	
          Medan	      Indonesia	2023	 28.0	2024	 27.5	2025	 27.0	2026	 26.5	2027	 26.0	
          Accra	          Ghana	2023	 24.0	2024	 24.2	2025	 24.4	2026	 24.6	2027	 24.8	
  Visakhapatnam	          India	2023	  4.0	2024	  3.5	2025	  3.1	2026	  2.6	2027	  2.1	
     Gujranwala	       Pakistan	2023	 12.0	2024	 11.8	2025	 11.6	2026	 11.4	2027	 11.2	
          Jinan	          China	2023	 24.0	2024	 24.1	2025	 24.2	2026	 24.4	2027	 24.5	
          Karaj	           Iran	2023	 29.0	2024	 28.7	2025	 28.4	2026	 28.1	2027	 27.8	
       Peshawar	       Pakistan	2023	 26.0	2024	 26.9	2025	 27.8	2026	 28.7	2027	 29.6	
          Minsk	        Belarus	2023	 27.0	2024	 26.9	2025	 26.9	2026	 26.8	2027	 26.8	
        Caracas	      Venezuela	2023	  8.0	2024	  8.3	2025	  8.5	2026	  8.8	2027	  9.0	
         Sana'a	          Yemen	2023	  6.0	2024	  6.9	2025	  7.9	2026	  8.8	2027	  9.7	
        Sapporo	          Japan	2023	 29.0	2024	 29.4	2025	 29.8	2026	 30.2	2027	 30.5	
         Tainan	         Taiwan	2023	 25.0	2024	 25.6	2025	 26.2	2026	 26.9	2027	 27.5	
      Bucharest	        Romania	2023	  5.0	2024	  4.7	2025	  4.5	2026	  4.2	2027	  4.0	
       Curitiba	         Brazil	2023	 11.0	2024	 10.6	2025	 10.2	2026	  9.7	2027	  9.3	
         Shiraz	           Iran	2023	  5.0	2024	  5.7	2025	  6.4	2026	  7.1	2027	  7.8	
         Vienna	        Austria	2023	 25.0	2024	 25.4	2025	 25.8	2026	 26.2	2027	 26.6	
    Brazzaville	 Congo Republic	2023	 20.0	2024	 19.0	2025	 18.0	2026	 17.0	2027	 16.0	
         Bhopal	          India	2023	  6.0	2024	  5.5	2025	  5.0	2026	  4.4	2027	  3.9	
         Almaty	     Kazakhstan	2023	 27.0	2024	 26.1	2025	 25.2	2026	 24.4	2027	 23.5	
        Hamburg	        Germany	2023	 25.0	2024	 25.9	2025	 26.7	2026	 27.6	2027	 28.5	
         Manila	    Philippines	2023	  8.0	2024	  9.0	2025	  9.9	2026	 10.9	2027	 11.8	
   Kuala Lumpur	       Malaysia	2023	  5.0	2024	  4.7	2025	  4.5	2026	  4.2	2027	  3.9	
         Maputo	     Mozambique	2023	 15.0	2024	 14.6	2025	 14.2	2026	 13.8	2027	 13.4	
       Budapest	        Hungary	2023	 19.0	2024	 19.1	2025	 19.2	2026	 19.3	2027	 19.4	
         Warsaw	         Poland	2023	 18.0	2024	 17.8	2025	 17.7	2026	 17.5	2027	 17.4	
         Lusaka	         Zambia	2023	 13.0	2024	 12.7	2025	 12.5	2026	 12.2	2027	 12.0	
      Kathmandu	          Nepal	2023	 24.0	2024	 24.3	2025	 24.6	2026	 24.9	2027	 25.2	
         Tabriz	           Iran	2023	 21.0	2024	 22.0	2025	 22.9	2026	 23.9	2027	 24.9	
      Hyderabad	       Pakistan	2023	 19.0	2024	 18.2	2025	 17.4	2026	 16.6	2027	 15.8	
      Palembang	      Indonesia	2023	 18.0	2024	 17.2	2025	 16.4	2026	 15.5	2027	 14.7	
        Tijuana	         Mexico	2023	 29.0	2024	 29.5	2025	 30.0	2026	 30.6	2027	 31.1	
          Patna	          India	2023	 29.0	2024	 28.8	2025	 28.6	2026	 28.4	2027	 28.3	
       Montreal	         Canada	2023	 24.0	2024	 23.7	2025	 23.4	2026	 23.1	2027	 22.7	
     Davao City	    Philippines	2023	  7.0	2024	  6.9	2025	  6.7	2026	  6.6	2027	  6.4	
         Harare	       Zimbabwe	2023	 15.0	2024	 14.0	2025	 13.1	2026	 12.1	2027	 11.1	
      Barcelona	          Spain	2023	  6.0	2024	  6.7	2025	  7.4	2026	  8.1	2027	  8.7	
      Maracaibo	      Venezuela	2023	 20.0	2024	 20.9	2025	 21.9	2026	 22.8	2027	 23.8	
       Caloocan	    Philippines	2023	 21.0	2024	 21.5	2025	 22.1	2026	 22.6	2027	 23.1	
   Philadelphia	  United States	2023	 15.0	2024	 14.4	2025	 13.7	2026	 13.1	2027	 12.5	
    Novosibirsk	         Russia	2023	 27.0	2024	 27.9	2025	 28.9	2026	 29.8	2027	 30.7	
        Phoenix	  United States	2023	  8.0	2024	  7.2	2025	  6.3	2026	  5.5	2027	  4.6	
       Bulawayo	       Zimbabwe	2023	 24.0	2024	 24.4	2025	 24.8	2026	 25.3	2027	 25.7	
           Oran	        Algeria	2023	 18.0	2024	 18.6	2025	 19.2	2026	 19.7	2027	 20.3	
       Semarang	      Indonesia	2023	  6.0	2024	  5.9	2025	  5.7	2026	  5.6	2027	  5.5	
         Recife	         Brazil	2023	 22.0	2024	 21.3	2025	 20.5	2026	 19.8	2027	 19.1	
           Kobe	          Japan	2023	 16.0	2024	 16.5	2025	 16.9	2026	 17.4	2027	 17.8	
        Daejeon	   Korea, South	2023	 23.0	2024	 23.2	2025	 23.4	2026	 23.6	2027	 23.7	
        Kampala	         Uganda	2023	 27.0	2024	 26.6	2025	 26.3	2026	 25.9	2027	 25.5	
       Kawasaki	          Japan	2023	 22.0	2024	 21.3	2025	 20.7	2026	 20.0	2027	 19.3	
    Guadalajara	         Mexico	2023	 20.0	2024	 20.7	2025	 21.4	2026	 22.1	2027	 22.8	
       Auckland	    New Zealand	2023	 10.0	2024	  9.4	2025	  8.8	2026	  8.1	2027	  7.5	
     Vijayawada	          India	2023	 30.0	2024	 30.2	2025	 30.4	2026	 30.6	2027	 30.8	
        Fukuoka	          Japan	2023	 30.0	2024	 29.9	2025	 29.8	2026	 29.6	2027	 29.5	
        Kwangju	   Korea, South	2023	  7.0	2024	  7.6	2025	  8.1	2026	  8.7	2027	  9.3	
   Porto Alegre	         Brazil	2023	 17.0	2024	 17.3	2025	 17.7	2026	 18.0	2027	 18.4	
          Kyoto	          Japan	2023	 11.0	2024	 11.9	2025	 12.7	2026	 13.6	2027	 14.4	
    San Antonio	  United States	2023	 26.0	2024	 25.6	2025	 25.2	2026	 24.8	2027	 24.4	
Santa Cruz de la Sierra	        Bolivia	2023	 27.0	2024	 26.5	2025	 25.9	2026	 25.4	2027	 24.9	
         Munich	        Germany	2023	 19.0	2024	 19.2	2025	 19.4	2026	 19.6	2027	 19.8	
        Kharkiv	        Ukraine	2023	 10.0	2024	  9.9	2025	  9.7	2026	  9.6	2027	  9.5	
  Yekaterinburg	         Russia	2023	 22.0	2024	 21.4	2025	 20.8	2026	 20.2	2027	 19.6	
      San Diego	  United States	2023	  5.0	2024	  4.3	2025	  3.6	2026	  2.9	2027	  2.1	
   Barranquilla	       Colombia	2023	  8.0	2024	  7.7	2025	  7.4	2026	  7.1	2027	  6.9	
          Milan	          Italy	2023	  7.0	2024	  6.6	2025	  6.2	2026	  5.8	2027	  5.5	
         Ibadan	        Nigeria	2023	 26.0	2024	 25.7	2025	 25.3	2026	 25.0	2027	 24.6	
       Makassar	      Indonesia	2023	 11.0	2024	 11.8	2025	 12.7	2026	 13.5	2027	 14.4	
        Córdoba	      Argentina	2023	 18.0	2024	 18.7	2025	 19.3	2026	 20.0	2027	 20.7	
         Prague	 Czech Republic	2023	 26.0	2024	 26.7	2025	 27.4	2026	 28.1	2027	 28.8	
       Mandalay	        Myanmar	2023	  9.0	2024	  9.3	2025	  9.6	2026	 10.0	2027	 10.3	
         Dallas	  United States	2023	 26.0	2024	 26.4	2025	 26.8	2026	 27.2	2027	 27.6	
     Montevideo	        Uruguay	2023	 29.0	2024	 28.3	2025	 27.6	2026	 26.9	2027	 26.2	
Nizhny Novgorod	         Russia	2023	 14.0	2024	 14.0	2025	 14.0	2026	 14.0	2027	 14.0	
          Abuja	        Nigeria	2023	 30.0	2024	 29.7	2025	 29.3	2026	 29.0	2027	 28.6	
        Calgary	         Canada	2023	 10.0	2024	 10.7	2025	 11.4	2026	 12.1	2027	 12.9	
        Saitama	          Japan	2023	 10.0	2024	  9.4	2025	  8.8	2026	  8.2	2027	  7.5	
          Suwon	    South Korea	2023	 24.0	2024	 24.9	2025	 25.7	2026	 26.6	2027	 27.4	
      Hiroshima	          Japan	2023	  6.0	2024	  5.5	2025	  5.0	2026	  4.5	2027	  4.0	
        Rosario	      Argentina	2023	 10.0	2024	 10.7	2025	 11.3	2026	 12.0	2027	 12.7	
       Brisbane	      Australia	2023	 20.0	2024	 19.1	2025	 18.2	2026	 17.3	2027	 16.4	
       Belgrade	         Serbia	2023	  6.0	2024	  6.6	2025	  7.1	2026	  7.7	2027	  8.2	
       Campinas	         Brazil	2023	 26.0	2024	 25.9	2025	 25.8	2026	 25.7	2027	 25.6	
          Ulsan	   Korea, South	2023	  5.0	2024	  5.2	2025	  5.3	2026	  5.5	2027	  5.6	
           Omsk	         Russia	2023	 20.0	2024	 19.3	2025	 18.6	2026	 17.9	2027	 17.3	
          Dakar	        Senegal	2023	  4.0	2024	  3.1	2025	  2.2	2026	  1.3	2027	  0.4	
      Abu Dhabi	United Arab Emirates	2023	 16.0	2024	 15.9	2025	 15.8	2026	 15.7	2027	 15.6	
      Monterrey	         Mexico	2023	 13.0	2024	 12.7	2025	 12.5	2026	 12.2	2027	 11.9	
        Tripoli	          Libya	2023	  4.0	2024	  4.6	2025	  5.1	2026	  5.7	2027	  6.3	
  Rostov-on-Don	         Russia	2023	 28.0	2024	 28.9	2025	 29.8	2026	 30.8	2027	 31.7	
       T'bilisi	        Georgia	2023	 19.0	2024	 18.5	2025	 18.0	2026	 17.5	2027	 17.0	
            Fez	        Morocco	2023	  5.0	2024	  5.9	2025	  6.7	2026	  7.6	2027	  8.5	
     Birmingham	 United Kingdom	2023	 22.0	2024	 21.1	2025	 20.2	2026	 19.3	2027	 18.5	
        Yerevan	        Armenia	2023	 15.0	2024	 14.9	2025	 14.7	2026	 14.6	2027	 14.4	
        Cologne	        Germany	2023	 24.0	2024	 24.5	2025	 25.0	2026	 25.5	2027	 26.1	
          Tunis	        Tunisia	2023	 17.0	2024	 17.1	2025	 17.2	2026	 17.3	2027	 17.4	
         Astana	     Kazakhstan	2023	 26.0	2024	 25.7	2025	 25.4	2026	 25.1	2027	 24.8	
      Islamabad	       Pakistan	2023	 20.0	2024	 20.2	2025	 20.3	2026	 20.5	2027	 20.6	
